Voc = 0.896236 V 
Jsc = 3.510673 mA/cm2 
FF = 0.590238 
PCE = 1.857121 % 
